Energy (eV) Cross section (1e-16cm2) [JS Yoon (2008): ref 19, 20, 22, 23] + [Wingerden 77]
57
0.02 7.41
0.03 7.71
0.04 8.08
0.05 8.32
0.06 8.51
0.07 8.69
0.08 8.84
0.09 8.99
0.1 9.13
0.12 9.33
0.15 9.55
0.2 9.83
0.25 10.04
0.3 10.24
0.4 10.61
0.5 10.95
0.6 11.28
0.7 11.59
0.8 11.88
0.9 12.16
1.0 12.36
1.25 13.00
1.5 13.55
2.0 14.11
3.0 14.12
4.0 13.2
5.0 12.51
6.0 11.45
8.0 9.85
10.0 8.58
12.0 7.61
14.0 6.92
16.0 6.32
18.0 5.78
20.0 5.26
25.0 4.23
30.0 3.40
35.0 2.81
40.0 2.36
50.0 1.73
60.0 1.31
70.0 1.06
80.0 0.89
90.0 0.81
100.0 0.74
150.0 0.52
200.0 0.36
300.0 0.23
400.0 0.15
500.0 0.12
600.0 0.095
700.0 0.073
750.0 0.069
800.0 0.066
900.0 0.059
1000.0 0.052
2000.0 0.027
