Energy(eV)  cross_section(angstrom^2/1e-16cm^2) SOURCE: JS Yoon 2008
58
16 0.0299
16.5 0.0607
17 0.0924
17.5 0.123
18 0.156
18.5 0.187
19 0.22
19.5 0.249
20 0.28
20.5 0.31
21 0.336
21.5 0.362
22 0.39
22.5 0.414
23 0.439
23.5 0.461
24 0.484
24.5 0.505
25 0.524
30 0.642
35 0.742
40 0.812
45 0.839
50 0.859
55 0.874
60 0.882
65 0.88
70 0.879
75 0.871
80 0.863
85 0.853
90 0.843
95 0.835
100 0.824
110 0.797
120 0.78
140 0.739
160 0.699
180 0.655
200 0.622
225 0.585
250 0.551
275 0.515
300 0.49
350 0.443
400 0.407
450 0.372
500 0.349
550 0.317
600 0.298
650 0.284
700 0.266
750 0.256
800 0.242
850 0.234
900 0.222
950 0.21
1000 0.199
