Energy (eV), Xi value
1001
1e-15 -0.1950000
0.00010000 -0.19462449947380067
0.00010186 -0.19461650234511163
0.00010376 -0.1946083576490885
0.00010569 -0.19460006267907515
0.00010765 -0.1945916146883975
0.00010966 -0.19458301088672583
0.00011170 -0.19457424841824675
0.00011378 -0.1945653243907672
0.00011589 -0.19455623585024837
0.00011805 -0.19454697979535762
0.00012025 -0.19453755316655497
0.00012249 -0.1945279528606444
0.00012477 -0.1945181757016704
0.00012709 -0.19450821847002178
0.00012945 -0.1944980778842417
0.00013186 -0.19448775060830348
0.00013432 -0.19447723323705907
0.00013682 -0.19446652231806658
0.00013936 -0.19445561432612446
0.00014196 -0.1944445056778237
0.00014460 -0.19443319273154747
0.00014729 -0.1944216717729194
0.00015003 -0.1944099390220796
0.00015282 -0.19439799064096033
0.00015567 -0.19438582271873442
0.00015856 -0.19437343126817716
0.00016151 -0.19436081224021806
0.00016452 -0.19434796152030315
0.00016758 -0.19433487490292892
0.00017070 -0.1943215481316602
0.00017388 -0.19430797685183632
0.00017711 -0.194294156650589
0.00018041 -0.19428008303137648
0.00018377 -0.19426575141762142
0.00018719 -0.19425115715634897
0.00019067 -0.19423629550727264
0.00019422 -0.19422116165370862
0.00019783 -0.19420575069529938
0.00020151 -0.19419005764073807
0.00020526 -0.19417407741504422
0.00020908 -0.1941578048595639
0.00021297 -0.19414123471741782
0.00021694 -0.19412436165169097
0.00022098 -0.19410718022724305
0.00022509 -0.19408968491434633
0.00022928 -0.19407187008868557
0.00023354 -0.19405373003135806
0.00023789 -0.19403525892523574
0.00024232 -0.19401645085496505
0.00024683 -0.19399729979605312
0.00025142 -0.19397779963669556
0.00025610 -0.19395794414139672
0.00026087 -0.19393772698371142
0.00026572 -0.19391714172805527
0.00027067 -0.19389618182242832
0.00027570 -0.1938748406129674
0.00028083 -0.193853111325756
0.00028606 -0.19383098707773824
0.00029138 -0.19380846086580486
0.00029681 -0.19378552557770742
0.00030233 -0.19376217397386802
0.00030796 -0.19373839870193146
0.00031369 -0.19371419227493752
0.00031952 -0.1936895470931484
0.00032547 -0.1936644554258591
0.00033153 -0.19363890941503556
0.00033770 -0.19361290107531418
0.00034398 -0.19358642228672632
0.00035038 -0.19355946479833605
0.00035690 -0.19353202022460225
0.00036355 -0.19350408003810265
0.00037031 -0.19347563557680966
0.00037720 -0.19344667804045262
0.00038422 -0.19341719847960365
0.00039137 -0.19338718781022968
0.00039866 -0.19335663679550255
0.00040608 -0.19332553604579902
0.00041363 -0.19329387603325257
0.00042133 -0.19326164706628762
0.00042917 -0.1932288393114476
0.00043716 -0.19319544277156667
0.00044530 -0.19316144729304605
0.00045358 -0.19312684256585377
0.00046202 -0.19309161811261097
0.00047062 -0.19305576329586754
0.00047938 -0.19301926732174046
0.00048830 -0.19298211921080966
0.00049739 -0.19294430783449806
0.00050665 -0.19290582187869149
0.00051607 -0.19286664986192895
0.00052568 -0.1928267801317643
0.00053546 -0.19278620085385254
0.00054543 -0.19274490001558758
0.00055558 -0.19270286542974058
0.00056592 -0.19266008472354554
0.00057645 -0.1926165453386996
0.00058718 -0.19257223453863917
0.00059810 -0.1925271393903494
0.00060923 -0.19248124677891687
0.00062057 -0.19243454340025304
0.00063212 -0.1923870157538186
0.00064389 -0.1923386501426234
0.00065587 -0.19228943268050233
0.00066807 -0.1922393492884774
0.00068051 -0.1921883856765679
0.00069317 -0.19213652736561826
0.00070607 -0.19208375967274602
0.00071921 -0.1920300677113419
0.00073260 -0.19197543639470785
0.00074623 -0.19191985042514298
0.00076012 -0.19186329430849558
0.00077426 -0.1918057523359733
0.00078867 -0.19174720859141875
0.00080335 -0.19168764695494794
0.00081830 -0.19162705109567402
0.00083353 -0.1915654044680694
0.00084904 -0.19150269032287973
0.00086484 -0.19143889168893385
0.00088094 -0.1913739913913339
0.00089733 -0.19130797204417915
0.00091403 -0.19124081604329024
0.00093104 -0.1911725055771229
0.00094837 -0.19110302261585424
0.00096602 -0.1910323489222965
0.00098400 -0.19096046604462127
0.00100231 -0.1908873553236352
0.00102096 -0.19081299788186643
0.00103996 -0.19073737464175403
0.00105931 -0.19066046630018246
0.00107903 -0.1905822533648614
0.00109911 -0.19050271612522165
0.00111956 -0.19042183466696733
0.00114040 -0.19033958887571356
0.00116162 -0.19025595842607287
0.00118324 -0.1901709228071207
0.00120526 -0.1900844612969299
0.00122769 -0.18999655298803625
0.00125054 -0.18990717677652474
0.00127381 -0.1898163113656675
0.00129752 -0.18972393528411363
0.00132166 -0.18963002687133734
0.00134626 -0.18953456428491397
0.00137131 -0.18943752551507176
0.00139684 -0.18933888837741594
0.00142283 -0.1892386305274808
0.00144931 -0.18913672946436738
0.00147628 -0.18903316251619187
0.00150376 -0.18892790688737907
0.00153174 -0.1888209396186448
0.00156025 -0.18871223762701356
0.00158928 -0.18860177769854264
0.00161886 -0.18848953649923597
0.00164899 -0.18837549058232028
0.00167967 -0.18825961638824476
0.00171093 -0.18814189027742326
0.00174277 -0.18802228850476807
0.00177521 -0.18790078726334597
0.00180824 -0.18777736266982617
0.00184190 -0.187651990793584
0.00187617 -0.18752464764942536
0.00191109 -0.18739530922669018
0.00194666 -0.18726395148925243
0.00198288 -0.18713055039371027
0.00201979 -0.18699508191121378
0.00205737 -0.18685752202018882
0.00209566 -0.18671784674271724
0.00213466 -0.1865760321481744
0.00217439 -0.18643205437869548
0.00221486 -0.1862858896564509
0.00225607 -0.18613751430183667
0.00229806 -0.18598690475894006
0.00234083 -0.1858340376137296
0.00238439 -0.18567888961224474
0.00242876 -0.18552143767150997
0.00247396 -0.1853616589231906
0.00252000 -0.18519953071359263
0.00256690 -0.18503503064368057
0.00261467 -0.1848681365799914
0.00266333 -0.18469882669465243
0.00271290 -0.18452707947629485
0.00276339 -0.18435287377007203
0.00281481 -0.1841761887922111
0.00286720 -0.1839970041773067
0.00292056 -0.18381529998559698
0.00297491 -0.18363105676117142
0.00303027 -0.1834442555392465
0.00308666 -0.1832548778898216
0.00314411 -0.1830629059613348
0.00320262 -0.1828683224988526
0.00326222 -0.18267111089500174
0.00332293 -0.18247125521543522
0.00338477 -0.18226874025703949
0.00344776 -0.18206355156612483
0.00351193 -0.1818556754929948
0.00357729 -0.18164509923560201
0.00364386 -0.18143181087956584
0.00371167 -0.1812157994418284
0.00378075 -0.18099705492522372
0.00385111 -0.18077556835849637
0.00392278 -0.18055133185450817
0.00399578 -0.18032433865025652
0.00407014 -0.18009458316871993
0.00414589 -0.17986206106615166
0.00422304 -0.17962676929756363
0.00430164 -0.1793887061567436
0.00438169 -0.1791478713526533
0.00446323 -0.17890426604944604
0.00454630 -0.17865789295013998
0.00463090 -0.1784087563366362
0.00471708 -0.17815686214975404
0.00480487 -0.177902218043801
0.00489429 -0.17764483345569398
0.00498537 -0.17738471968863312
0.00507815 -0.1771218899484815
0.00517266 -0.17685635945290448
0.00526892 -0.17658814547502533
0.00536698 -0.17631726742709894
0.00546686 -0.1760437469441852
0.00556860 -0.1757676079496328
0.00567223 -0.17548887673147645
0.00577779 -0.1752075820333867
0.00588532 -0.17492375512379132
0.00599484 -0.17463742988682487
0.00610641 -0.17434864290236413
0.00622005 -0.17405743352606373
0.00633580 -0.1737638439730298
0.00645372 -0.17346791942332096
0.00657382 -0.17316970808379428
0.00669616 -0.1728692612936066
0.00682078 -0.17256663360788801
0.00694771 -0.17226188289232933
0.00707701 -0.17195507040321756
0.00720872 -0.17164626090021326
0.00734287 -0.1713355227118344
0.00747952 -0.17102292786278508
0.00761872 -0.1707085521285258
0.00776050 -0.1703924751589644
0.00790493 -0.17007478056940567
0.00805204 -0.16975555601331072
0.00820189 -0.1694348933132645
0.00835453 -0.16911288851918327
0.00851001 -0.16878964202473004
0.00866838 -0.16846525866190185
0.00882970 -0.16813984778470345
0.00899402 -0.16781352336737268
0.00916140 -0.1674864041026059
0.00933190 -0.16715861348159336
0.00950557 -0.16683027989952093
0.00968247 -0.1665015367356053
0.00986266 -0.1661725224440437
0.01004620 -0.1658433806449631
0.01023317 -0.16551426020445606
0.01042361 -0.1651853153255299
0.01061759 -0.16485670562086663
0.01081519 -0.16452859620377186
0.01101646 -0.16420115775365904
0.01122148 -0.16387456660699867
0.01143031 -0.16354900481188775
0.01164303 -0.16322466020808568
0.01185971 -0.16290172648885978
0.01208042 -0.16258040327374468
0.01230524 -0.16226089615219838
0.01253424 -0.1619434167490856
0.01276751 -0.16162818277197172
0.01300511 -0.16131541806569225
0.01324714 -0.16100535264509483
0.01349367 -0.16069822274233272
0.01374479 -0.16039427083233102
0.01400058 -0.16009374566189014
0.01426114 -0.1597969022860657
0.01452654 -0.1595040020645307
0.01479688 -0.15921531268340317
0.01507225 -0.15893110816979827
0.01535275 -0.15865166886636228
0.01563847 -0.15837728145673857
0.01592950 -0.15810823892191175
0.01622595 -0.15784484053293193
0.01652792 -0.15758739182908654
0.01683551 -0.15733620456696884
0.01714882 -0.157091596695012
0.01746796 -0.15685389229164343
0.01779304 -0.15662342150707725
0.01812418 -0.1564005205087444
0.01846147 -0.15618553139034336
0.01880504 -0.15597880210999449
0.01915501 -0.1557806863811004
0.01951148 -0.15559154358139693
0.01987460 -0.15541173864017543
0.02024447 -0.15524164194005757
0.02062122 -0.15508162915692406
0.02100498 -0.1549320811653273
0.02139589 -0.15479338386023062
0.02179407 -0.15466592802967868
0.02219966 -0.15455010918381262
0.02261280 -0.15444632738024713
0.02303363 -0.15435498705672343
0.02346229 -0.1542764968310203
0.02389893 -0.15421126930814122
0.02434369 -0.15415972088750166
0.02479673 -0.1541222715264604
0.02525820 -0.15409934452931665
0.02572826 -0.15409136631811737
0.02620707 -0.15409876618891288
0.02669478 -0.15412197606437422
0.02719158 -0.15416143024277248
0.02769762 -0.15421756512513057
0.02821308 -0.15429081894965063
0.02873813 -0.1543816315297798
0.02927295 -0.15449044393406763
0.02981772 -0.15461769823150798
0.03037264 -0.1547638371750348
0.03093788 -0.15492930390320767
0.03151363 -0.15511454163462177
0.03210011 -0.1553199933477657
0.03269750 -0.15554610146815512
0.03330600 -0.15579330755182902
0.03392583 -0.15606205195065517
0.03455720 -0.15635277348855037
0.03520031 -0.15666590912678624
0.03585540 -0.15700189364020914
0.03652267 -0.1573611592679942
0.03720237 -0.15774413539350332
0.03789471 -0.15815124819503884
0.03859994 -0.15858292031114987
0.03931829 -0.15903957051321405
0.04005001 -0.15952161336710552
0.04079535 -0.16002945889850081
0.04155455 -0.160563512258185
0.04232789 -0.16112417340190935
0.04311562 -0.16171183677388715
0.04391801 -0.1623268909648241
0.04473533 -0.16296971841724137
0.04556786 -0.16364069510169604
0.04641589 -0.1643401902257426
0.04727970 -0.16506856592470465
0.04815958 -0.16582617697063687
0.04905584 -0.16661337049583833
0.04996877 -0.16743048570545224
0.05089870 -0.16827785361916967
0.05184594 -0.16915579680201887
0.05281080 -0.17006462911334486
0.05379362 -0.17100465546306476
0.05479472 -0.17197617158247525
0.05581446 -0.17297946378414578
0.05685318 -0.17401480876182998
0.05791123 -0.17508247336854874
0.05898896 -0.17618271442741545
0.06008676 -0.17731577853154712
0.06120498 -0.17848190186944138
0.06234402 -0.1796813100503534
0.06350425 -0.18091421794058718
0.06468608 -0.1821808294852342
0.06588990 -0.18348133758812027
0.06711612 -0.1848159239408206
0.06836516 -0.18618475888441663
0.06963745 -0.18758800127489048
0.07093341 -0.18902579835215824
0.07225349 -0.19049828559455043
0.07359814 -0.19200558659875863
0.07496782 -0.19354781293067888
0.07636298 -0.19512506400171975
0.07778411 -0.19673742691236967
0.07923169 -0.19838497631759167
0.08070620 -0.20006777425220018
0.08220816 -0.20178586998534215
0.08373807 -0.20353929982040786
0.08529644 -0.20532808690221863
0.08688383 -0.20715224102057528
0.08850075 -0.20901175835560012
0.09014776 -0.21090662123763018
0.09182543 -0.2128367978598167
0.09353432 -0.21480224197253528
0.09527500 -0.21680289254505353
0.09704809 -0.21883867339809535
0.09885417 -0.22090949278911146
0.10069386 -0.22301524297208367
0.10256779 -0.225155799717312
0.10447660 -0.22733102177299352
0.10642092 -0.22954075029769788
0.10840144 -0.23178480824554884
0.11041881 -0.23406299968228417
0.11247372 -0.2363751090867638
0.11456687 -0.2387209005688044
0.11669898 -0.24110011704335818
0.11887077 -0.24351247937558762
0.12108298 -0.24595768544954347
0.12333635 -0.24843540918227186
0.12563166 -0.25094529953428457
0.12796969 -0.2534869794108889
0.13035122 -0.2560600445780707
0.13277708 -0.25866406251289237
0.13524809 -0.2612985712211503
0.13776508 -0.26396307803684127
0.14032891 -0.2666570584143542
0.14294045 -0.26937995468428094
0.14560060 -0.27213117484196925
0.14831025 -0.27491009131061034
0.15107033 -0.2777160397734475
0.15388178 -0.280548317998709
0.15674554 -0.2834061847482142
0.15966260 -0.28628885875510224
0.16263395 -0.2891955177524905
0.16566060 -0.29212529765493067
0.16874357 -0.2950772918417258
0.17188391 -0.29805055056030283
0.17508270 -0.3010440805514997
0.17834102 -0.3040568448094596
0.18165998 -0.3070877625707167
0.18504070 -0.3101357095506646
0.18848434 -0.31319951839102816
0.19199207 -0.3162779794311145
0.19556507 -0.3193698417155337
0.19920457 -0.32247381437663
0.20291180 -0.3255885682824872
0.20668802 -0.3287127380741955
0.21053452 -0.3318449245305391
0.21445261 -0.33498369730739314
0.21844361 -0.33812759805547205
0.22250888 -0.3412751438691336
0.22664981 -0.3444248311608257
0.23086780 -0.3475751398338487
0.23516429 -0.35072453784438057
0.23954074 -0.35387148607273045
0.24399863 -0.35701444350018263
0.24853949 -0.36015187266232646
0.25316485 -0.36328224533885584
0.25787629 -0.36640404845800784
0.26267541 -0.36951579012833263
0.26756384 -0.3726160057941528
0.27254325 -0.3757032644383174
0.27761533 -0.37877617476312847
0.28278180 -0.3818333913094203
0.28804442 -0.38487362041556983
0.29340497 -0.3878956260018823
0.29886529 -0.39089823505666327
0.30442722 -0.3938803427657691
0.31009266 -0.39684091727472076
0.31586354 -0.39977900392331167
0.32174182 -0.4026937289854493
0.32772948 -0.4055843027614377
0.33382859 -0.40845002206635445
0.34004119 -0.4112902719835573
0.34636942 -0.4141045268833169
0.35281541 -0.41689235066292496
0.35938137 -0.4196533961828064
0.36606951 -0.4223874038768116
0.37288213 -0.4250941995075842
0.37982153 -0.4277736911179339
0.38689007 -0.43042586510909603
0.39409016 -0.4330507815222726
0.40142425 -0.43564856849799094
0.40889482 -0.438219415996952
0.41650442 -0.44076356875690387
0.42425564 -0.4432813185546599
0.43215111 -0.4457729958423864
0.44019352 -0.44823896076179487
0.44838559 -0.4506795936453788
0.45673013 -0.45309528500469654
0.46522995 -0.4554864251184757
0.47388796 -0.4578533932496442
0.48270710 -0.4601965465676846
0.49169036 -0.4625162088417962
0.50084080 -0.46481265892669194
0.51016153 -0.4670861191719981
0.51965572 -0.46933674375161827
0.52932661 -0.4715646069749073
0.53917746 -0.4737696916742435
0.54921165 -0.4759518776653589
0.55943257 -0.4781109303568288
0.56984371 -0.4802464895487341
0.58044859 -0.482358058445966
0.59125084 -0.484444992926188
0.60225412 -0.48650649112066496
0.61346217 -0.48854158329704417
0.62487881 -0.4905491220986575
0.63650791 -0.492527773165813
0.64835343 -0.4944760061427108
0.66041940 -0.49639208611727903
0.67270991 -0.4982740654975672
0.68522916 -0.5001197763392486
0.69798139 -0.5019268231788034
0.71097094 -0.5036925763359977
0.72420223 -0.5054141657475102
0.73767976 -0.5070884753535322
0.75140811 -0.5087121380227854
0.76539194 -0.5102815310668946
0.77963601 -0.5117927723732166
0.79414517 -0.5132417171524877
0.80892435 -0.5146239553776846
0.82397857 -0.5159348098995531
0.83931295 -0.5171693352897311
0.85493271 -0.5183223174915009
0.87084315 -0.5193882742454341
0.88704969 -0.5203614564208914
0.90355783 -0.5212358502461046
0.92037320 -0.5220051805459752
0.93750150 -0.5226629149948745
0.95494856 -0.5232022695481444
0.97272032 -0.5236162150523046
0.99082281 -0.5238974851467436
1.00926219 -0.5240385856205998
1.02804473 -0.5240318052248344
1.04717682 -0.523869228168688
1.06666496 -0.5235427483623688
1.08651577 -0.5230440855805913
1.10673602 -0.522364803692489
1.12733256 -0.5214963311507098
1.14831241 -0.5204299838888564
1.16968270 -0.5191569908237154
1.19145070 -0.5176685221987521
1.21362380 -0.5159557209544008
1.23620954 -0.5140097373361571
1.25921561 -0.5118217670024056
1.28264983 -0.5093830928357114
1.30652016 -0.5066851307013158
1.33083472 -0.5037194793420173
1.35560179 -0.5004779746859174
1.38082977 -0.49695274868709116
1.40652724 -0.49313629288835126
1.43270295 -0.489021526884373
1.45936580 -0.48460187168153496
1.48652484 -0.47987132804179367
1.51418933 -0.47482455974874155
1.54236865 -0.4694569816612464
1.57107239 -0.46376485233639136
1.60031031 -0.4577453708215388
1.63009236 -0.45139677722261656
1.66042866 -0.4447184562737361
1.69132952 -0.43771104319509946
1.72280545 -0.43037653070050835
1.75486715 -0.4227183759030086
1.78752553 -0.41474160557616885
1.82079168 -0.406452917839226
1.85467692 -0.3978607780469306
1.88919278 -0.3889755062029011
1.92435098 -0.37980935278965444
1.96016347 -0.370376559257279
1.99664245 -0.36069339889976476
2.03380031 -0.35077819311676856
2.07164968 -0.3406512971891166
2.11020343 -0.3303350489978558
2.14947467 -0.3198536731271324
2.18947676 -0.3092331319544435
2.23022330 -0.2985009145496416
2.27172813 -0.28768575370566757
2.31400538 -0.2768172612093477
2.35706941 -0.26592547203175426
2.40093488 -0.25504028963102626
2.44561668 -0.24419082742363596
2.49113003 -0.23340464618763632
2.53749038 -0.22270689412814493
2.58471351 -0.21211936585592062
2.63281547 -0.20165950886262876
2.68181261 -0.19133942057738001
2.73172160 -0.18116489551096107
2.78255940 -0.17113459782666054
2.83434331 -0.16123944811892427
2.88709092 -0.15146232032970372
2.94082017 -0.14177814211665293
2.99554933 -0.1321544760711739
3.05129702 -0.12255262766122135
3.10808217 -0.11292927947686393
3.16592411 -0.10323859339995355
3.22484250 -0.09343466072463945
3.28485737 -0.08347412473626725
3.34598912 -0.07331876217384156
3.40825855 -0.06293779822873141
3.47168682 -0.052309749319175584
3.53629550 -0.041423636890995166
3.60210656 -0.030279486042605917
3.66914238 -0.018888102935285336
3.73742574 -0.007270200394054209
3.80697987 0.0045449994681958485
3.87782841 0.016521520870065094
3.94999546 0.028618573075235625
4.02350555 0.040792509036516954
4.09838367 0.05299866896981832
4.17465529 0.06519301083440103
4.25234633 0.07733346818663772
4.33148322 0.08938101094914665
4.41209286 0.1013004128751615
4.49420266 0.11306074937682609
4.57784054 0.12463566184618224
4.66303493 0.13600342993089445
4.74981480 0.14714689387795463
4.83820966 0.15805326598815453
4.92824957 0.16871386538560357
5.01996513 0.17912380440212858
5.11338754 0.18928164905926395
5.20854855 0.19918907067721217
5.30548053 0.2088505008161924
5.40421642 0.21827279795390925
5.50478981 0.22746493104324234
5.60723488 0.23643768279505792
5.71158648 0.24520337371932666
5.81788007 0.2537756067462881
5.92615181 0.26216903144176823
6.03643851 0.27039912633963264
6.14877765 0.2784819976706088
6.26320745 0.28643419266485237
6.37976681 0.294272525758424
6.49849535 0.30201391608113787
6.61943346 0.30967523484335163
6.74262224 0.3172731614902847
6.86810359 0.32482404772528395
6.99592017 0.33234378872537496
7.12611543 0.339847701196212
7.25873365 0.34735040800449496
7.39381992 0.35486572954428425
7.53142017 0.36240658193543923
7.67158118 0.3699848825416723
7.81435061 0.3776114632702367
7.95977700 0.3852959923517454
8.10790981 0.3930469051931071
8.25879939 0.40087134518761214
8.41249705 0.40877511510425907
8.56905505 0.4167626398821457
8.72852662 0.424836941419276
8.89096599 0.4329996259669637
9.05642838 0.44125088458457934
9.22497005 0.44958950692385213
9.39664831 0.4580129084846073
9.57152154 0.4665171712873685
9.74964918 0.4750970976681511
9.93109181 0.4837462766788507
10.11591112 0.49245716247477217
10.30416995 0.501221163634286
10.49593231 0.5100287424283549
10.69126339 0.518869522577466
10.89022962 0.5277324042008474
11.09289865 0.5366056841862731
11.29933938 0.5454771804233994
11.50962201 0.5543343580743727
11.72381803 0.5631644561318352
11.94200028 0.5719546125217405
12.16424294 0.5806919860556777
12.39062157 0.589363873639274
12.62121315 0.5979578213178578
12.85609607 0.6064617277951477
13.09535020 0.6148639394026864
13.33905690 0.623153335545051
13.58729902 0.6313194039732712
13.84016097 0.6393523053735054
14.09772872 0.6472429270854351
14.36008985 0.6549829258048604
14.62733356 0.6625647595178782
14.89955073 0.6699817089140254
15.17683390 0.6772278888022553
15.45927736 0.6842982501554832
15.74697715 0.6911885734603602
16.04003107 0.6978954542235655
16.33853878 0.7044162814859045
16.64260176 0.710749210246429
16.95232342 0.716893128669696
17.26780904 0.7228476210584202
17.58916590 0.7286129273700452
17.91650327 0.7341899001830925
18.24993245 0.7395799598772628
18.58956680 0.744785048718506
18.93552180 0.7498075845439119
19.28791508 0.7546504146030364
19.64686646 0.7593167700649761
20.01249799 0.7638102216532163
20.38493398 0.7681346367102065
20.76430107 0.7722941380736472
21.15072825 0.776293064935476
21.54434690 0.7801359358654505
21.94529086 0.783827414148488
22.35369646 0.7873722755012401
22.76970255 0.7907753781751837
23.19345059 0.7940416354898803
23.62508465 0.7971759907090955
24.06475150 0.8001833942779647
24.51260062 0.8030687832502232
24.96878429 0.8058370628945861
25.43345761 0.8084930903274805
25.90677859 0.8110416600920982
26.38890814 0.813487491509144
26.88001022 0.8158352177556217
27.38025178 0.8180893764861266
27.88980292 0.8202544018911369
28.40883690 0.8223346181195472
28.93753019 0.8243342338435299
29.47606255 0.826257337998461
30.02461709 0.8281078964614454
30.58338032 0.8298897496648031
31.15254224 0.8316066109808065
31.73229635 0.8332620658412897
32.32283978 0.8348595714975418
32.92437333 0.8364024573258967
33.53710152 0.8378939256390037
34.16123269 0.8393370529118237
34.79697904 0.8407347913932575
35.44455674 0.8420899710379093
36.10418597 0.8434053016815994
36.77609102 0.8446833754933625
37.46050033 0.8459266695693253
38.15764661 0.8471375487193985
38.86776691 0.8483182683449194
39.59110266 0.8494709774399827
40.32789982 0.8505977216473434
41.07840890 0.8517004463725266
41.84288508 0.8527809999124896
42.62158829 0.853841136620663
43.41478330 0.8548825200538024
44.22273981 0.8559067260933743
45.04573252 0.85691524607058
45.88404126 0.8579094898222581
46.73795108 0.8588907887322338
47.60775230 0.8598603986889961
48.49374067 0.860819503006996
49.39621744 0.8617692152824575
50.31548945 0.8627105821800715
51.25186927 0.8636445861432884
52.20567528 0.8645721480318546
53.17723178 0.8654941297084132
54.16686911 0.8664113365123312
55.17492376 0.8673245196825927
56.20173848 0.8682343786970196
57.24766240 0.8691415635350942
58.31305114 0.8700466768607464
59.39826694 0.8709502761323817
60.50367879 0.8718528756365111
61.62966255 0.8727549484558978
62.77660106 0.873656928343116
63.94488429 0.8745592115540927
65.13490946 0.8754621585943366
66.34708121 0.8763660958924104
67.58181168 0.877271317418828
68.83952070 0.878178086243113
70.12063589 0.8790866360253673
71.42559286 0.8799971724314466
72.75483529 0.8809098745299436
74.10881516 0.8818248960945839
75.48799282 0.8827423668702438
76.89283721 0.8836623937880336
78.32382599 0.8845850621294525
79.78144572 0.8855104366432476
81.26619200 0.8864385626040646
82.77856966 0.8873694668565492
84.31909293 0.8883031587866865
85.88828560 0.8892396312676766
87.48668120 0.8901788615694274
89.11482323 0.8911208122316714
90.77326525 0.892065431886148
92.46257116 0.8930126560678727
94.18331535 0.8939624079863894
95.93608287 0.8949145992497265
97.72146970 0.8958691305919951
99.54008288 0.8968258925500509
101.39254076 0.8977847661110554
103.27947319 0.8987456233527602
105.20152176 0.8997083280546867
107.15933998 0.9006727362692903
109.15359353 0.9016386968931213
111.18496048 0.9026060522088846
113.25413152 0.9035746384056711
115.36181017 0.9045442860809979
117.50871309 0.9055148207319357
119.69557024 0.9064860632171327
121.92312516 0.9074578302042852
124.19213527 0.9084299346212474
126.50337204 0.909402186052571
128.85762132 0.910374391176062
131.25568358 0.9113463541229427
133.69837418 0.9123178768707506
136.18652368 0.9132887596180519
138.72097805 0.9142588011082219
141.30259906 0.9152277990041552
143.93226447 0.9161955501865816
146.61086840 0.9171618510887597
149.33932161 0.9181264979875141
152.11855180 0.9190892873124656
154.94950393 0.920050015918878
157.83314057 0.9210084813641448
160.77044217 0.9219644821660861
163.76240745 0.922917818064883
166.81005372 0.9238682902559083
169.91441720 0.9248157016298323
173.07655342 0.9257598569872645
176.29753753 0.926700563267946
179.57846470 0.9276376297362866
182.92045048 0.9285708681960047
186.32463119 0.9295000931574754
189.79216428 0.9304251220305425
193.32422876 0.9313457752845904
196.92202555 0.9322618766195285
200.58677795 0.9331732530967584
204.31973202 0.9340797353028834
208.12215700 0.9349811574697617
211.99534575 0.9358773576091112
215.94061521 0.9367681776289252
219.95930680 0.9376534634280594
224.05278693 0.9385330650272005
228.22244742 0.9394068366307095
232.46970600 0.940274636732125
236.79600678 0.9411363281869225
241.20282076 0.9419917782779972
245.69164630 0.9428408587811486
250.26400964 0.9436834460232874
254.92146545 0.9445194209260912
259.66559729 0.945348669042385
264.49801824 0.9461710805997967
269.42037137 0.9469865505225846
274.43433032 0.9477949784498274
279.54159991 0.9485962687499763
284.74391665 0.9493903305281312
290.04304939 0.9501770776260401
295.44079989 0.9509564286148238
300.93900344 0.9517283067949748
306.53952951 0.9524926401599788
312.24428231 0.9532493613926765
318.05520153 0.9539984078288826
323.97426295 0.9547397214137315
330.00347911 0.9554732486871251
336.14490001 0.9561989407291621
342.40061380 0.9569167531055696
348.77274748 0.9576266458313223
355.26346766 0.9583285832978842
361.87498124 0.9590225342295514
368.60953622 0.9597084716143311
375.46942241 0.9603863726348205
382.45697225 0.9610562185990844
389.57456158 0.9617179948751722
396.82461046 0.9623716907965298
404.20958398 0.9630172996110689
411.73199312 0.9636548183647504
419.39439557 0.9642842478615677
427.19939663 0.9649055925325789
435.14965009 0.9655188603849758
443.24785912 0.966124062889305
451.49677720 0.96672121490671
459.89920905 0.9673103345834296
468.45801159 0.9678914432671225
477.17609489 0.9684645653977308
486.05642321 0.9690297284419945
495.10201596 0.9695869627697604
504.31594872 0.9701363015666714
513.70135434 0.9706777807468538
523.26142395 0.9712114388510554
532.99940808 0.9717373169411427
542.91861776 0.9722554585237042
553.02242562 0.9727659094372726
563.31426706 0.9732687177686521
573.79764142 0.9737639337474158
584.47611316 0.9742516096658707
595.35331308 0.974731799766281
606.43293954 0.9752045601753834
617.71875973 0.975669948787973
629.21461096 0.976128025186866
640.92440194 0.9765788505555902
652.85211411 0.9770224875910721
665.00180304 0.9774590004090501
677.37759975 0.9778884544749528
689.98371214 0.9783109164947593
702.82442643 0.978726454367706
715.90410860 0.979135137066233
729.22720587 0.9795370345923284
742.79824826 0.9799322178793026
756.62185005 0.9803207587263054
770.70271142 0.9807027297110138
785.04562002 0.9810782041423388
799.65545259 0.9814472559658373
814.53717663 0.9818099597091429
829.69585208 0.9821663904055683
845.13663307 0.982516623543174
860.86476961 0.9828607349920075
876.88560946 0.9831988009495349
893.20459986 0.9835308978678808
909.82728945 0.9838571024210859
926.75933011 0.9841774914287111
944.00647894 0.9844921418085418
961.57460014 0.9848011305329337
979.46966707 0.985104534566966
997.69776424 0.9854024308320629
1016.26508939 0.9856948961514223
1035.17795563 0.9859820072136374
1054.44279353 0.9862638405217643
1074.06615333 0.9865404723605807
1094.05470721 0.9868119787529296
1114.41525147 0.9870784354306154
1135.15470892 0.9873399177871107
1156.28013121 0.9875965008448147
1177.79870120 0.9878482592405001
1199.71773544 0.9880952671707447
1222.04468663 0.9883375983810168
1244.78714619 0.9885753261256571
1267.95284679 0.9888085231533283
1291.54966501 0.9890372616706332
1315.58562405 0.9892616133312024
1340.06889636 0.9894816492029517
1365.00780655 0.9896974397571683
1390.41083409 0.9899090548394075
1416.28661630 0.9901165636585777
1442.64395122 0.9903200347687514
1469.49180062 0.9905195360582513
1496.83929308 0.9907151347278212
1524.69572702 0.9909068972760763
1553.07057393 0.9910948894958628
1581.97348158 0.9912791764597073
1611.41427725 0.9914598225052653
1641.40297114 0.991636891242596
1671.94975973 0.9918104455177829
1703.06502925 0.9919805474311245
1734.75935923 0.992147258318943
1767.04352609 0.9923106387572238
1799.92850678 0.9924707485397861
1833.42548256 0.992627646692836
1867.54584276 0.9927813914640521
1902.30118867 0.9929320403189477
1937.70333748 0.9930796499372322
1973.76432630 0.993224276227364
2010.49641626 0.9933659742974457
2047.91209667 0.9935047984879669
2086.02408925 0.9936408023426997
2124.84535250 0.9937740386378021
2164.38908606 0.9939045593563538
2204.66873524 0.9940324157101815
2245.69799554 0.9941576581435
2287.49081736 0.9942803363147197
2330.06141070 0.9944004991291894
2373.42425002 0.9945181947173688
2417.59407917 0.9946334704530176
2462.58591635 0.9947463729604726
2508.41505928 0.9948569481110081
2555.09709035 0.9949652410264751
2602.64788197 0.9950712961011293
2651.08360191 0.9951751569870778
2700.42071884 0.9952768666197469
2750.67600791 0.9953764671996903
2801.86655646 0.9954740002289701
2854.00976983 0.995569506496605
2907.12337727 0.9956630260931211
2961.22543799 0.9957545984141909
3016.33434726 0.9958442621751847
3072.46884271 0.9959320554075329
3129.64801067 0.9960180154841918
3187.89129268 0.9961021791014535
3247.21849207 0.9961845823116878
3307.64978074 0.9962652605160667
3369.20570598 0.9963442484827532
3431.90719746 0.9964215803432647
3495.77557436 0.9964972896142998
3560.83255263 0.9965714091868246
3627.10025233 0.9966439713588154
3694.60120520 0.9967150078207053
3763.35836229 0.9967845496881265
3833.39510177 0.9968526274764459
3904.73523689 0.9969192711407803
3977.40302406 0.996984510072361
4051.42317111 0.9970483731058075
4126.82084570 0.9971108885191293
4203.62168384 0.9971720840628286
4281.85179865 0.9972319869526248
4361.53778921 0.9972906238767303
4442.70674961 0.9973480210140407
4525.38627817 0.9974042040341342
4609.60448683 0.9974591981118244
4695.39001068 0.997513027923521
4782.77201773 0.9975657176726976
4871.78021879 0.9976172910789755
4962.44487763 0.9976677714072293
5054.79682119 0.9977171814530341
5148.86745014 0.9977655435644938
5244.68874950 0.9978128796495166
5342.29329954 0.9978592111721774
5441.71428687 0.9979045591745456
5542.98551568 0.9979489442803231
5646.14141930 0.9979923866948439
5751.21707184 0.9980349062196271
5858.24820015 0.9980765222523753
5967.27119597 0.9981172538051656
6078.32312830 0.9981571195044496
6191.44175598 0.9981961375946913
6306.66554057 0.9982343259601939
6424.03365939 0.998271702106912
6543.58601888 0.9983082831915531
6665.36326812 0.9983440860179414
6789.40681270 0.9983791270515692
6915.75882874 0.9984134224086822
7044.46227730 0.9984469878853847
7175.56091894 0.9984798389467243
7309.09932860 0.998511990741245
7445.12291080 0.9985434580973482
7583.67791500 0.9985742555451212
7724.81145140 0.9986043973126991
7868.57150694 0.9986338973335408
8015.00696157 0.998662769239153
8164.16760492 0.9986910263991076
8316.10415323 0.9987186818810242
8470.86826656 0.9987457484978645
8628.51256637 0.9987722387897412
8789.09065342 0.9987981650239192
8952.65712600 0.998823539231194
9119.26759846 0.9988483731658752
9288.97872016 0.9988726783603554
9461.84819472 0.9988964660814554
9637.93479962 0.9989197473777167
9817.29840619 0.998942533053936
10000.00000000 0.9989648336893557
