Energy(eV)  cross_section(angstrom^2/1e-16cm^2) SOURCE: JS Yoon 2008 
61
0.1 9.23
0.12  9.47
0.15  9.76
0.17  9.93
0.2 10.1
0.25  10.5
0.3 10.7
0.35  11.
0.4 11.2
0.45  11.4
0.5 11.6
0.6 11.9
0.7 12.3
0.8 12.8
0.9 13.2
1.0 13.5
1.2 14.2
1.5 15.
1.7 15.5
2.  16.
2.5 16.5
3.  16.6
3.5 16.6
4.  16.3
4.5 15.9
5.  15.4
6.  14.4
7.  13.3
8.  12.4
9.  11.6
10. 10.9
12. 9.61
15. 8.19
17. 7.46
20. 6.6
25. 5.61
30. 4.97
35. 4.54
40. 4.19
45. 3.91
50. 3.68
60. 3.36
70. 3.06
80. 2.86
90. 2.68
100.  2.54
120.  2.25
150.  1.98
170.  1.84
200.  1.66
250.  1.43
300.  1.24
350.  1.11
400.  1.
450.  0.914
500.  0.841
600.  0.7
700.  0.614
800.  0.516
900.  0.464
1000. 0.422
